3.6 1008.4 36
3.6 1007.2 69
39.8 1007 56
16.2 1020.7 32
25.8 1014.9 79
22.6 1014.1 90
4.2 1009.5 46
6.6 1006.3 40
4 1011.4 42
5.4 1008.6 86
3.4 1014.1 74
6.4 1008.3 48
11 996.8 62
17.4 1009.1 49
3.4 1019.1 52
14.4 1013.4 44
4.8 1015 42
18.8 1006 88
12.2 1004 71
5.2 1012.8 49
9 1007.8 71
16.2 1005 58
4.4 1006.8 60
11 1011 73
6.6 1002.3 42
10.4 1014.5 34
6.4 1006.5 93
19.8 1008.4 50
5.2 1019.6 40
7.2 1008.1 60
3.8 1023.1 50
5.2 1022.3 55
3.8 1025.7 65
6.2 1024.3 94
4.8 1022.1 65
4.8 1019.2 86
16.8 1019.6 72
19.2 1010.3 56
6.6 1014.9 56
4 1017.6 48
4 1010.4 85
7.4 1021.7 34
9.8 1006 43
3.4 1017.6 33
17.4 1017.8 44
7.6 1013.2 65
8.2 1013.3 45
13.2 1016.7 61